7 0.126000 0.244286 0.018000 0.094286
7 0.362000 0.361429 0.034000 0.042857
2 0.125000 0.131429 0.048000 0.057143
2 0.125500 0.468571 0.051000 0.045714
2 0.533000 0.770000 0.048000 0.048571
2 0.717500 0.544286 0.047000 0.054286
2 0.718000 0.621429 0.048000 0.042857
4 0.363500 0.560000 0.029000 0.068571
4 0.646500 0.971429 0.031000 0.057143
8 0.271500 0.244286 0.021000 0.077143
8 0.271000 0.321429 0.020000 0.077143
8 0.271000 0.395714 0.020000 0.071429
8 0.271000 0.472857 0.022000 0.082857
8 0.553000 0.378571 0.032000 0.077143
8 0.614000 0.244286 0.024000 0.105714
3 0.683000 0.391429 0.058000 0.165714
11 0.499500 0.078571 0.053000 0.077143
3 0.631500 0.770000 0.057000 0.168571
