12 0.217910 0.449438 0.065672 0.157303
12 0.379851 0.297753 0.064179 0.146067
12 0.395522 0.610487 0.065672 0.142322
12 0.646269 0.082397 0.065672 0.157303
12 0.674627 0.769663 0.062687 0.161049
12 0.910448 0.323970 0.071642 0.161049
2 0.108955 0.455056 0.047761 0.041199
2 0.258209 0.108614 0.053731 0.044944
2 0.507463 0.048689 0.047761 0.037453
2 0.258209 0.734082 0.044776 0.044944
2 0.302985 0.625468 0.014925 0.112360
2 0.302239 0.314607 0.013433 0.119850
2 0.464179 0.157303 0.014925 0.119850
2 0.465672 0.689139 0.014925 0.127341
2 0.526866 0.404494 0.014925 0.127341
2 0.629851 0.295880 0.053731 0.044944
2 0.500746 0.797753 0.031343 0.037453
2 0.552239 0.795880 0.050746 0.041199
2 0.669403 0.514981 0.046269 0.041199
2 0.768657 0.078652 0.050746 0.044944
2 0.905970 0.078652 0.047761 0.037453
2 0.894776 0.765918 0.046269 0.041199
2 0.794030 0.765918 0.047761 0.041199
2 0.951493 0.642322 0.019403 0.123596
4 0.967910 0.516854 0.022388 0.074906
4 0.278358 0.528090 0.031343 0.052434
