1 0.195385 0.579327 0.095385 0.293269
6 0.084615 0.353365 0.055385 0.052885
13 0.330769 0.415865 0.070769 0.072115
2 0.120000 0.584135 0.018462 0.177885
7 0.273077 0.653846 0.029231 0.086538
7 0.390769 0.634615 0.033846 0.086538
7 0.612308 0.125000 0.021538 0.105769
7 0.748462 0.245192 0.035385 0.057692
7 0.866923 0.668269 0.032308 0.086538
13 0.807692 0.463942 0.073846 0.081731
8 0.864615 0.259615 0.040000 0.096154
8 0.749231 0.725962 0.036923 0.086538
2 0.698462 0.139423 0.015385 0.163462
2 0.697692 0.362981 0.016923 0.158654
2 0.696923 0.591346 0.018462 0.153846
2 0.907692 0.687500 0.018462 0.173077
