13 0.202073 0.390578 0.113990 0.057751
13 0.205527 0.500000 0.107081 0.057751
13 0.202936 0.612462 0.115717 0.051672
13 0.395509 0.387538 0.120898 0.057751
13 0.395509 0.503040 0.120898 0.063830
13 0.395509 0.612462 0.120898 0.063830
8 0.473230 0.275076 0.069085 0.155015
8 0.545769 0.275076 0.062176 0.155015
8 0.621762 0.275076 0.065630 0.155015
8 0.474957 0.708207 0.062176 0.151976
8 0.549223 0.709726 0.062176 0.155015
8 0.622625 0.706687 0.067358 0.142857
2 0.839378 0.556231 0.031088 0.285714
13 0.772884 0.167173 0.094991 0.072948
