2 0.175000 0.156550 0.026000 0.095847
2 0.176000 0.271565 0.024000 0.095847
2 0.310000 0.273163 0.048000 0.035144
2 0.354000 0.412141 0.024000 0.095847
2 0.445000 0.169329 0.050000 0.038339
2 0.506000 0.602236 0.064000 0.041534
2 0.623000 0.603834 0.058000 0.044728
2 0.663000 0.753994 0.026000 0.095847
2 0.381000 0.603834 0.058000 0.051118
2 0.148000 0.653355 0.056000 0.041534
2 0.266000 0.752396 0.056000 0.041534
2 0.363000 0.750799 0.058000 0.044728
8 0.442000 0.825879 0.036000 0.099042
8 0.190000 0.597444 0.028000 0.051118
8 0.220000 0.599042 0.028000 0.047923
12 0.284000 0.600639 0.092000 0.153355
12 0.440000 0.297125 0.100000 0.159744
12 0.732000 0.632588 0.108000 0.153355
7 0.730000 0.479233 0.028000 0.051118
8 0.543000 0.297125 0.034000 0.051118
8 0.496000 0.105431 0.036000 0.044728
