2 0.089000 0.398936 0.046000 0.063830
2 0.249000 0.218085 0.018000 0.117021
2 0.357000 0.090426 0.050000 0.063830
2 0.770000 0.085106 0.048000 0.053191
2 0.147000 0.667553 0.022000 0.122340
2 0.215000 0.513298 0.046000 0.058511
2 0.544000 0.449468 0.044000 0.047872
2 0.626000 0.449468 0.048000 0.058511
2 0.629000 0.566489 0.050000 0.047872
12 0.808000 0.505319 0.096000 0.244681
4 0.583000 0.795213 0.038000 0.079787
4 0.148000 0.853723 0.044000 0.069149
12 0.391000 0.449468 0.090000 0.239362
7 0.147000 0.191489 0.034000 0.074468
7 0.199000 0.396277 0.022000 0.090426
