2 0.226737 0.538306 0.044561 0.028226
2 0.269332 0.603831 0.019659 0.070565
2 0.346003 0.409274 0.044561 0.024194
2 0.469201 0.411290 0.044561 0.024194
2 0.663827 0.411290 0.043250 0.028226
2 0.538663 0.349798 0.044561 0.026210
7 0.560288 0.409274 0.019659 0.044355
7 0.760813 0.409274 0.017038 0.048387
2 0.415465 0.706653 0.044561 0.022177
2 0.579948 0.706653 0.045872 0.026210
12 0.366317 0.526210 0.093054 0.157258
12 0.566186 0.531250 0.094364 0.167339
12 0.766055 0.532258 0.095675 0.165323
12 0.465924 0.825605 0.093054 0.163306
