12 0.295544 0.517562 0.114024 0.221074
12 0.517038 0.570248 0.121887 0.206612
12 0.739187 0.625000 0.115334 0.212810
12 0.739843 0.887397 0.111402 0.188017
2 0.188073 0.574380 0.043250 0.020661
2 0.190039 0.712810 0.039318 0.028926
2 0.371560 0.439050 0.017038 0.068182
2 0.412844 0.708678 0.044561 0.028926
2 0.411533 0.509298 0.044561 0.026860
2 0.521625 0.833678 0.044561 0.026860
2 0.630406 0.568182 0.041940 0.024793
2 0.511796 0.364669 0.040629 0.026860
7 0.665793 0.466942 0.039318 0.024793
2 0.815203 0.688017 0.018349 0.061983
2 0.815203 0.831612 0.018349 0.059917
7 0.515727 0.420455 0.017038 0.055785
