12 0.292487 0.448718 0.109123 0.192308
2 0.135957 0.567308 0.021467 0.076923
2 0.215564 0.568910 0.019678 0.080128
2 0.172630 0.405449 0.044723 0.035256
2 0.301431 0.315705 0.041145 0.035256
7 0.175313 0.487179 0.021467 0.064103
7 0.095707 0.488782 0.023256 0.060897
2 0.522361 0.503205 0.046512 0.044872
2 0.618962 0.397436 0.046512 0.044872
2 0.760286 0.286859 0.046512 0.041667
2 0.665474 0.604167 0.025045 0.092949
2 0.723614 0.750000 0.044723 0.038462
12 0.752236 0.455128 0.123435 0.230769
7 0.633274 0.504808 0.028623 0.086538
7 0.563506 0.608974 0.042934 0.057692
