7 0.048780 0.924929 0.036055 0.053824
8 0.090668 0.477337 0.034995 0.065156
8 0.509014 0.342776 0.023330 0.096317
8 0.550371 0.341360 0.025451 0.093484
8 0.884942 0.633144 0.024390 0.082153
7 0.135737 0.484419 0.021209 0.033994
9 0.177094 0.480170 0.019088 0.065156
7 0.262460 0.355524 0.020148 0.048159
2 0.219512 0.416431 0.016967 0.096317
2 0.220042 0.645892 0.015907 0.096317
2 0.671262 0.495751 0.016967 0.096317
2 0.671262 0.800283 0.016967 0.093484
9 0.714210 0.426346 0.020148 0.059490
7 0.756628 0.444759 0.020148 0.050992
7 0.798515 0.446176 0.021209 0.048159
2 0.840933 0.458924 0.019088 0.090652
2 0.883881 0.456091 0.018028 0.096317
4 0.530753 0.504249 0.034995 0.056657
13 0.607635 0.216714 0.069989 0.053824
