2 0.083871 0.115854 0.048387 0.085366
2 0.425806 0.125000 0.048387 0.079268
2 0.708065 0.368902 0.048387 0.091463
7 0.082258 0.253049 0.019355 0.115854
7 0.259677 0.551829 0.032258 0.091463
7 0.541935 0.554878 0.035484 0.109756
7 0.425000 0.259146 0.020968 0.115854
7 0.708065 0.503049 0.019355 0.115854
7 0.914516 0.554878 0.035484 0.109756
8 0.125806 0.579268 0.029032 0.097561
8 0.157258 0.253049 0.027419 0.115854
8 0.191129 0.570122 0.033871 0.103659
8 0.500000 0.262195 0.022581 0.121951
8 0.466129 0.564024 0.032258 0.103659
8 0.783871 0.408537 0.029032 0.097561
8 0.820968 0.411585 0.032258 0.091463
8 0.784677 0.725610 0.030645 0.085366
8 0.819355 0.728659 0.029032 0.091463
8 0.864516 0.567073 0.032258 0.109756
