12 0.332834 0.611000 0.104948 0.122000
12 0.774363 0.607000 0.109445 0.134000
2 0.133433 0.638000 0.038981 0.028000
2 0.213643 0.578000 0.040480 0.028000
2 0.213643 0.636000 0.043478 0.024000
2 0.341829 0.508000 0.041979 0.028000
7 0.168666 0.700000 0.037481 0.036000
7 0.260120 0.698000 0.037481 0.036000
7 0.619190 0.699000 0.038981 0.038000
7 0.698651 0.699000 0.038981 0.030000
2 0.190405 0.155000 0.053973 0.034000
2 0.577211 0.206000 0.047976 0.024000
2 0.577211 0.256000 0.044978 0.024000
2 0.715892 0.145000 0.046477 0.026000
2 0.659670 0.579000 0.038981 0.030000
2 0.781109 0.508000 0.041979 0.028000
2 0.657421 0.636000 0.043478 0.028000
2 0.581709 0.637000 0.041979 0.026000
7 0.627436 0.308000 0.037481 0.028000
7 0.263868 0.241000 0.038981 0.038000
12 0.709145 0.231000 0.119940 0.122000
