2 0.221889 0.470000 0.014993 0.056000
2 0.221889 0.561000 0.014993 0.054000
2 0.298351 0.624000 0.038981 0.024000
2 0.297601 0.402000 0.037481 0.024000
2 0.384558 0.283000 0.016492 0.054000
2 0.523238 0.281000 0.017991 0.054000
2 0.455022 0.478000 0.037481 0.024000
2 0.426537 0.714000 0.019490 0.052000
2 0.477511 0.754000 0.016492 0.056000
2 0.658921 0.743000 0.016492 0.058000
2 0.660420 0.428000 0.016492 0.056000
3 0.374063 0.402000 0.043478 0.084000
3 0.532234 0.402000 0.044978 0.080000
3 0.493253 0.676000 0.038981 0.080000
11 0.442279 0.559000 0.038981 0.054000
