2 0.088000 0.120690 0.016000 0.068966
2 0.089000 0.324138 0.018000 0.062069
2 0.149000 0.110345 0.014000 0.068966
2 0.224000 0.117241 0.016000 0.068966
2 0.284000 0.106897 0.020000 0.068966
2 0.149000 0.322414 0.014000 0.065517
2 0.224000 0.320690 0.020000 0.075862
2 0.284000 0.322414 0.020000 0.072414
7 0.189000 0.305172 0.026000 0.037931
7 0.335000 0.303448 0.022000 0.034483
7 0.312000 0.155172 0.016000 0.041379
7 0.065000 0.208621 0.018000 0.044828
7 0.187000 0.158621 0.018000 0.048276
3 0.271000 0.212069 0.038000 0.079310
3 0.136000 0.212069 0.040000 0.079310
2 0.046000 0.586207 0.024000 0.082759
2 0.113000 0.582759 0.022000 0.075862
2 0.225000 0.582759 0.022000 0.075862
2 0.047000 0.812069 0.018000 0.079310
2 0.114000 0.822414 0.016000 0.086207
2 0.227000 0.820690 0.022000 0.089655
3 0.213000 0.703448 0.042000 0.096552
3 0.100000 0.708621 0.044000 0.086207
7 0.555000 0.500000 0.018000 0.055172
7 0.695000 0.606897 0.030000 0.034483
7 0.731000 0.605172 0.030000 0.037931
7 0.898000 0.603448 0.032000 0.027586
3 0.637000 0.500000 0.042000 0.096552
3 0.828000 0.493103 0.044000 0.096552
2 0.650000 0.624138 0.020000 0.075862
2 0.584000 0.624138 0.020000 0.075862
2 0.583000 0.401724 0.022000 0.079310
2 0.774000 0.400000 0.020000 0.075862
2 0.840000 0.624138 0.016000 0.068966
2 0.775000 0.622414 0.018000 0.079310
0 0.663000 0.386207 0.046000 0.096552
0 0.858000 0.382759 0.056000 0.103448
