2 0.194389 0.448889 0.020040 0.097778
2 0.265531 0.440000 0.018036 0.097778
2 0.192385 0.751111 0.024048 0.097778
2 0.266533 0.771111 0.020040 0.102222
2 0.398798 0.706667 0.020040 0.106667
2 0.615230 0.500000 0.016032 0.093333
2 0.678357 0.495556 0.018036 0.093333
2 0.614228 0.764444 0.022044 0.088889
2 0.677355 0.784444 0.020040 0.093333
3 0.667335 0.644444 0.036072 0.124444
3 0.255511 0.617778 0.038076 0.124444
7 0.360721 0.522222 0.032064 0.066667
7 0.320641 0.755556 0.036072 0.071111
7 0.170341 0.620000 0.032064 0.075556
