2 0.092000 0.783439 0.056000 0.076433
2 0.130000 0.621019 0.020000 0.235669
2 0.321000 0.458599 0.054000 0.076433
2 0.395000 0.461783 0.058000 0.070064
2 0.244000 0.235669 0.056000 0.063694
2 0.616000 0.461783 0.056000 0.057325
2 0.888000 0.621019 0.016000 0.248408
7 0.229000 0.458599 0.022000 0.140127
7 0.205000 0.681529 0.030000 0.076433
7 0.509000 0.624204 0.038000 0.076433
7 0.653000 0.630573 0.030000 0.063694
7 0.577000 0.557325 0.034000 0.057325
7 0.729000 0.554140 0.034000 0.063694
8 0.804000 0.614650 0.032000 0.146497
8 0.433000 0.621019 0.034000 0.108280
8 0.473000 0.458599 0.030000 0.152866
4 0.728000 0.366242 0.040000 0.095541
