3 0.177500 0.253731 0.105000 0.085288
3 0.185000 0.710021 0.120000 0.098081
3 0.567500 0.643923 0.135000 0.093817
3 0.565000 0.325160 0.120000 0.095949
2 0.215000 0.528785 0.080000 0.068230
2 0.420000 0.715352 0.080000 0.066098
2 0.420000 0.847548 0.080000 0.066098
2 0.600000 0.547974 0.080000 0.068230
2 0.752500 0.549041 0.075000 0.070362
2 0.602500 0.411514 0.085000 0.068230
2 0.415000 0.233475 0.080000 0.070362
2 0.415000 0.095949 0.080000 0.068230
7 0.285000 0.205757 0.110000 0.031983
7 0.305000 0.830490 0.110000 0.031983
7 0.747500 0.617271 0.105000 0.031983
8 0.327500 0.641791 0.095000 0.046908
8 0.317500 0.324094 0.095000 0.046908
