2 0.116114 0.436795 0.039494 0.033860
2 0.116509 0.770880 0.037125 0.033860
2 0.115324 0.858916 0.039494 0.033860
2 0.345182 0.572235 0.012638 0.110609
2 0.376777 0.358916 0.014218 0.112867
2 0.451817 0.572235 0.012638 0.115124
2 0.446288 0.768623 0.041074 0.038375
2 0.526856 0.768623 0.037915 0.038375
2 0.627172 0.496614 0.039494 0.040632
12 0.536730 0.490971 0.057662 0.142212
7 0.590047 0.632054 0.025276 0.049661
7 0.760664 0.597065 0.026856 0.051919
7 0.216825 0.540632 0.026066 0.038375
8 0.153239 0.538375 0.026856 0.060948
8 0.186019 0.541761 0.024487 0.058691
12 0.290679 0.463883 0.055292 0.146727
4 0.185624 0.690745 0.026856 0.049661
4 0.377567 0.209932 0.028436 0.049661
8 0.414692 0.465011 0.022117 0.076749
8 0.385466 0.680587 0.018957 0.069977
4 0.466430 0.677201 0.016588 0.067720
4 0.697472 0.809255 0.030016 0.042889
4 0.836098 0.146727 0.027646 0.054176
3 0.687994 0.524831 0.031596 0.137698
11 0.757899 0.402935 0.011848 0.079007
11 0.832938 0.398420 0.013428 0.083521
11 0.907978 0.400677 0.011848 0.083521
8 0.792654 0.418736 0.027646 0.056433
8 0.868088 0.416479 0.026856 0.060948
8 0.943128 0.417607 0.026856 0.058691
2 0.760664 0.174944 0.012638 0.115124
7 0.834518 0.232506 0.026066 0.045147
4 0.056477 0.566591 0.024487 0.045147
