5 0.048507 0.619048 0.089552 0.142857
2 0.050373 0.485119 0.041045 0.125000
7 0.149254 0.404762 0.044776 0.095238
2 0.220149 0.238095 0.037313 0.119048
3 0.317164 0.407738 0.059701 0.148810
2 0.337687 0.196429 0.041045 0.119048
2 0.555970 0.199405 0.037313 0.125000
2 0.735075 0.193452 0.044776 0.125000
2 0.555970 0.571429 0.044776 0.130952
2 0.735075 0.619048 0.044776 0.130952
2 0.929104 0.502976 0.044776 0.125000
7 0.440299 0.303571 0.052239 0.095238
7 0.839552 0.303571 0.044776 0.095238
7 0.804104 0.583333 0.055970 0.083333
3 0.710821 0.404762 0.070896 0.142857
