6 0.094000 0.629921 0.052000 0.073491
6 0.257500 0.452756 0.053000 0.055118
6 0.298000 0.610236 0.018000 0.118110
6 0.448000 0.586614 0.020000 0.123360
6 0.545000 0.737533 0.018000 0.110236
6 0.618000 0.842520 0.048000 0.052493
6 0.754000 0.517060 0.044000 0.057743
6 0.893500 0.242782 0.047000 0.065617
3 0.182000 0.475066 0.042000 0.083990
3 0.357000 0.467192 0.036000 0.083990
7 0.182500 0.719160 0.035000 0.047244
7 0.358000 0.796588 0.032000 0.049869
7 0.517500 0.455381 0.021000 0.097113
7 0.857000 0.116798 0.018000 0.097113
7 0.803500 0.610236 0.037000 0.049869
4 0.182000 0.868766 0.026000 0.041995
4 0.356500 0.917323 0.025000 0.039370
4 0.447000 0.804462 0.024000 0.034121
4 0.546500 0.898950 0.025000 0.039370
4 0.803500 0.750656 0.023000 0.041995
12 0.647000 0.515748 0.084000 0.238845
12 0.863500 0.454068 0.087000 0.236220
8 0.814000 0.241470 0.034000 0.057743
8 0.708000 0.691601 0.020000 0.065617
