14 0.128913 0.231742 0.047882 0.070225
2 0.183241 0.091292 0.064457 0.036517
7 0.252302 0.223315 0.040516 0.036517
7 0.411602 0.223315 0.042357 0.030899
7 0.554328 0.219101 0.044199 0.033708
7 0.705341 0.217697 0.044199 0.042135
2 0.827808 0.200843 0.027624 0.092697
13 0.325046 0.094101 0.101289 0.036517
13 0.489871 0.088483 0.095764 0.036517
13 0.625230 0.087079 0.097606 0.033708
4 0.246777 0.844101 0.044199 0.030899
4 0.475138 0.838483 0.047882 0.025281
4 0.692449 0.837079 0.044199 0.028090
4 0.898711 0.832865 0.047882 0.025281
