14 0.089710 0.695796 0.050132 0.090708
7 0.169525 0.478982 0.025066 0.050885
6 0.282322 0.725664 0.018470 0.088496
6 0.282322 0.345133 0.018470 0.079646
6 0.412929 0.228982 0.021108 0.081858
6 0.410290 0.725664 0.018470 0.084071
3 0.402375 0.473451 0.029024 0.097345
7 0.526385 0.317478 0.023747 0.059735
7 0.530343 0.704646 0.034301 0.042035
6 0.649736 0.190265 0.019789 0.079646
3 0.700528 0.457965 0.031662 0.079646
6 0.709763 0.743363 0.018470 0.079646
7 0.846306 0.557522 0.027704 0.057522
6 0.910950 0.686947 0.019789 0.081858
