2 0.050098 0.445312 0.021611 0.115625
2 0.112967 0.170313 0.064833 0.040625
2 0.176817 0.456250 0.023576 0.118750
2 0.293713 0.331250 0.068762 0.031250
2 0.418468 0.203125 0.062868 0.043750
2 0.542240 0.203125 0.066798 0.043750
2 0.705305 0.457813 0.066798 0.040625
2 0.832024 0.364063 0.064833 0.040625
12 0.838900 0.489063 0.090373 0.146875
2 0.768173 0.728125 0.019646 0.112500
2 0.481336 0.792188 0.019646 0.109375
2 0.398821 0.684375 0.062868 0.037500
2 0.274067 0.589063 0.068762 0.034375
2 0.114931 0.714063 0.068762 0.034375
4 0.049116 0.856250 0.047151 0.050000
4 0.175835 0.854688 0.045187 0.046875
4 0.479371 0.950000 0.047151 0.050000
4 0.767191 0.950000 0.045187 0.050000
12 0.261297 0.681250 0.090373 0.137500
12 0.263261 0.204687 0.090373 0.146875
12 0.569745 0.459375 0.090373 0.143750
7 0.173870 0.123438 0.049116 0.040625
4 0.175835 0.028125 0.041257 0.050000
