2 0.135404 0.306233 0.047205 0.048780
2 0.215528 0.306233 0.045963 0.048780
2 0.175776 0.437669 0.021118 0.105691
7 0.256522 0.460705 0.040994 0.048780
7 0.306211 0.092141 0.021118 0.081301
7 0.545342 0.350949 0.019876 0.084011
7 0.604969 0.350949 0.019876 0.084011
2 0.295652 0.701897 0.019876 0.113821
2 0.415528 0.611111 0.048447 0.046070
2 0.635404 0.567751 0.023602 0.105691
2 0.834161 0.611111 0.023602 0.116531
2 0.834161 0.784553 0.021118 0.111111
2 0.673913 0.134146 0.048447 0.051491
4 0.178261 0.582656 0.045963 0.059621
4 0.256522 0.585366 0.043478 0.065041
4 0.297516 0.845528 0.048447 0.070461
12 0.376398 0.341463 0.114286 0.200542
12 0.753416 0.386179 0.108075 0.203252
4 0.637267 0.719512 0.044720 0.078591
