2 0.083744 0.208904 0.036946 0.034247
2 0.177956 0.059361 0.038177 0.031963
8 0.162562 0.125571 0.022167 0.041096
8 0.234606 0.243151 0.023399 0.043379
12 0.165640 0.236301 0.062808 0.125571
4 0.115764 0.319635 0.036946 0.041096
2 0.410714 0.208904 0.038177 0.029680
2 0.506773 0.061644 0.035714 0.031963
12 0.494458 0.232877 0.062808 0.127854
4 0.442734 0.319635 0.038177 0.041096
2 0.834360 0.060502 0.038177 0.034247
2 0.738300 0.207763 0.035714 0.031963
4 0.769704 0.319635 0.039409 0.041096
12 0.822660 0.234018 0.064039 0.130137
