3 0.107000 0.428000 0.046000 0.082667
3 0.134000 0.534667 0.044000 0.093333
3 0.162000 0.632000 0.040000 0.080000
3 0.134000 0.733333 0.048000 0.085333
3 0.217000 0.265333 0.042000 0.077333
3 0.369000 0.269333 0.046000 0.080000
3 0.275000 0.422667 0.042000 0.088000
3 0.248000 0.536000 0.052000 0.080000
3 0.249000 0.738667 0.046000 0.085333
3 0.398000 0.734667 0.040000 0.104000
3 0.484000 0.738667 0.044000 0.090667
3 0.508000 0.265333 0.044000 0.082667
3 0.574000 0.752000 0.048000 0.090667
3 0.611000 0.636000 0.050000 0.077333
3 0.672000 0.713333 0.052000 0.082667
3 0.846000 0.714667 0.040000 0.085333
3 0.810000 0.428000 0.044000 0.082667
3 0.845000 0.345333 0.046000 0.082667
3 0.669000 0.269333 0.038000 0.080000
3 0.729000 0.452000 0.046000 0.098667
2 0.120000 0.820000 0.020000 0.061333
2 0.191000 0.804000 0.018000 0.061333
2 0.261000 0.818667 0.022000 0.058667
2 0.383000 0.820000 0.022000 0.061333
2 0.498000 0.509333 0.020000 0.053333
2 0.623000 0.813333 0.022000 0.058667
2 0.682000 0.817333 0.020000 0.066667
2 0.681000 0.426667 0.022000 0.064000
2 0.681000 0.513333 0.022000 0.061333
2 0.859000 0.481333 0.018000 0.061333
2 0.858000 0.609333 0.024000 0.066667
7 0.561000 0.513333 0.034000 0.024000
