9 0.052730 0.620000 0.031017 0.035789
9 0.143921 0.620000 0.032258 0.027368
9 0.341191 0.422105 0.019851 0.061053
9 0.410670 0.618947 0.029777 0.029474
9 0.813896 0.776842 0.032258 0.033684
9 0.811414 0.456842 0.034739 0.058947
9 0.812035 0.328421 0.033499 0.054737
9 0.914392 0.251579 0.029777 0.027368
9 0.734491 0.173684 0.027295 0.031579
6 0.207816 0.315789 0.068238 0.037895
6 0.285360 0.185263 0.022333 0.126316
6 0.502481 0.185263 0.022333 0.117895
6 0.501241 0.632632 0.024814 0.111579
6 0.673077 0.734737 0.021092 0.117895
13 0.678660 0.185263 0.022333 0.113684
4 0.735732 0.295789 0.029777 0.031579
4 0.409429 0.874737 0.029777 0.035789
3 0.233871 0.501053 0.053350 0.084211
3 0.620968 0.422105 0.048387 0.090526
