4 0.086420 0.191358 0.045855 0.055556
4 0.069665 0.964506 0.040564 0.052469
4 0.457672 0.279321 0.040564 0.052469
4 0.614638 0.279321 0.044092 0.046296
6 0.121693 0.750000 0.024691 0.129630
6 0.298942 0.753086 0.015873 0.123457
6 0.298060 0.188272 0.017637 0.104938
6 0.688713 0.743827 0.026455 0.117284
6 0.388007 0.751543 0.028219 0.114198
3 0.290123 0.520062 0.029982 0.108025
9 0.172840 0.648148 0.042328 0.043210
9 0.391534 0.390432 0.024691 0.083333
9 0.433862 0.546296 0.028219 0.086420
9 0.615520 0.182099 0.049383 0.055556
9 0.791887 0.513889 0.035273 0.083333
7 0.683422 0.592593 0.047619 0.043210
7 0.457672 0.189815 0.047619 0.040123
6 0.238977 0.387346 0.065256 0.040123
12 0.576720 0.512346 0.081129 0.154321
