2 0.172343 0.353365 0.017711 0.076923
2 0.172343 0.664663 0.017711 0.074519
2 0.218665 0.824519 0.039510 0.033654
2 0.217984 0.199519 0.040872 0.033654
2 0.326294 0.500000 0.017711 0.081731
2 0.416894 0.568510 0.043597 0.036058
2 0.417575 0.437500 0.042234 0.033654
2 0.581744 0.341346 0.019074 0.072115
2 0.583106 0.653846 0.016349 0.081731
2 0.724114 0.237981 0.042234 0.033654
2 0.720027 0.783654 0.042234 0.033654
2 0.849455 0.569712 0.017711 0.076923
7 0.850817 0.167067 0.034060 0.040865
7 0.812670 0.490385 0.023161 0.062500
7 0.850817 0.856971 0.034060 0.045673
7 0.418937 0.364183 0.023161 0.064904
7 0.263624 0.495192 0.034060 0.038462
7 0.417575 0.640625 0.023161 0.060096
12 0.415531 0.781250 0.111717 0.187500
12 0.416213 0.235577 0.113079 0.177885
12 0.677793 0.492788 0.123978 0.177885
