6 0.157009 0.338443 0.061682 0.054245
7 0.156542 0.533019 0.021495 0.103774
7 0.395327 0.537736 0.041121 0.066038
7 0.447196 0.556604 0.042056 0.051887
6 0.957944 0.555425 0.018692 0.195755
8 0.256542 0.255896 0.043925 0.087264
8 0.253271 0.805425 0.044860 0.091981
8 0.345794 0.812500 0.042991 0.082547
8 0.342991 0.258255 0.042991 0.082547
8 0.519159 0.518868 0.045794 0.165094
8 0.578972 0.186321 0.032710 0.117925
8 0.631776 0.189858 0.028037 0.125000
8 0.685981 0.185142 0.029907 0.115566
8 0.738318 0.185142 0.028037 0.110849
8 0.878972 0.185142 0.030841 0.110849
