6 0.198374 0.304054 0.078049 0.054054
7 0.198374 0.489865 0.026016 0.101351
8 0.321951 0.236486 0.055285 0.087838
8 0.434959 0.229730 0.053659 0.074324
8 0.321138 0.744932 0.047154 0.077703
8 0.433333 0.750000 0.056911 0.074324
8 0.636585 0.092905 0.050407 0.070946
8 0.770732 0.236486 0.058537 0.074324
8 0.772358 0.657095 0.052033 0.077703
8 0.879675 0.655405 0.055285 0.087838
6 0.883740 0.420608 0.024390 0.172297
6 0.774797 0.846284 0.027642 0.152027
7 0.525203 0.518581 0.055285 0.050676
7 0.635772 0.778716 0.055285 0.057432
