2 0.156738 0.114441 0.058156 0.038147
2 0.157447 0.603542 0.053901 0.035422
2 0.300000 0.260218 0.018440 0.073569
2 0.299291 0.749319 0.019858 0.076294
2 0.336879 0.403270 0.055319 0.032698
2 0.412057 0.404632 0.058156 0.029973
2 0.600000 0.246594 0.017021 0.100817
2 0.412766 0.891008 0.051064 0.038147
2 0.487943 0.892371 0.053901 0.035422
2 0.524823 0.731608 0.017021 0.106267
7 0.209929 0.273842 0.036879 0.035422
7 0.209220 0.762943 0.035461 0.038147
8 0.501418 0.085831 0.032624 0.068120
8 0.502837 0.174387 0.029787 0.065395
8 0.501418 0.317439 0.026950 0.073569
8 0.504255 0.404632 0.029787 0.068120
8 0.338298 0.889646 0.029787 0.073569
7 0.583688 0.662125 0.035461 0.038147
7 0.585816 0.806540 0.034043 0.043597
7 0.658156 0.173025 0.034043 0.040872
7 0.660284 0.316076 0.032624 0.038147
8 0.690780 0.659401 0.034043 0.065395
8 0.690071 0.835150 0.035461 0.062670
7 0.765248 0.674387 0.032624 0.035422
7 0.824113 0.847411 0.036879 0.038147
7 0.839007 0.189373 0.032624 0.029973
7 0.898582 0.358311 0.035461 0.035422
8 0.765248 0.171662 0.032624 0.054496
8 0.765248 0.343324 0.032624 0.059946
4 0.945390 0.297003 0.038298 0.049046
4 0.870213 0.786104 0.035461 0.046322
