2 0.168966 0.069000 0.056552 0.038000
2 0.664138 0.065000 0.062069 0.034000
2 0.384828 0.698000 0.055172 0.040000
7 0.167586 0.134000 0.023448 0.052000
7 0.663448 0.128000 0.024828 0.056000
7 0.810345 0.273000 0.040000 0.054000
7 0.385517 0.272000 0.040000 0.048000
7 0.638621 0.785000 0.041379 0.050000
7 0.383448 0.761000 0.024828 0.050000
8 0.220690 0.287000 0.038621 0.042000
8 0.262069 0.133000 0.030345 0.050000
8 0.300690 0.286000 0.041379 0.044000
8 0.477241 0.716000 0.035862 0.036000
8 0.520000 0.718000 0.033103 0.044000
8 0.477241 0.871000 0.035862 0.034000
8 0.518621 0.870000 0.038621 0.040000
8 0.575862 0.794000 0.037241 0.048000
8 0.715172 0.279000 0.040000 0.042000
8 0.757931 0.130000 0.028966 0.056000
