2 0.092557 0.130000 0.028626 0.052000
2 0.131679 0.131000 0.022901 0.054000
2 0.167939 0.129000 0.026718 0.050000
11 0.084924 0.266000 0.028626 0.064000
11 0.125000 0.270000 0.028626 0.060000
11 0.161260 0.267000 0.028626 0.062000
2 0.278626 0.325000 0.053435 0.034000
2 0.281489 0.386000 0.047710 0.028000
11 0.674618 0.334000 0.047710 0.024000
11 0.432252 0.376000 0.047710 0.040000
11 0.563931 0.376000 0.047710 0.040000
11 0.562023 0.456000 0.055344 0.040000
11 0.771947 0.377000 0.082061 0.034000
11 0.698473 0.512000 0.064885 0.032000
11 0.793893 0.495000 0.076336 0.034000
11 0.696565 0.631000 0.072519 0.038000
11 0.791031 0.633000 0.074427 0.034000
11 0.695611 0.713000 0.082061 0.034000
11 0.084924 0.545000 0.032443 0.062000
11 0.122137 0.546000 0.026718 0.068000
11 0.160305 0.548000 0.026718 0.064000
11 0.309160 0.542000 0.030534 0.060000
11 0.346374 0.546000 0.032443 0.068000
11 0.385496 0.548000 0.030534 0.064000
11 0.309160 0.860000 0.034351 0.064000
11 0.349237 0.861000 0.026718 0.066000
11 0.384542 0.861000 0.028626 0.066000
2 0.318702 0.664000 0.030534 0.096000
2 0.356870 0.663000 0.026718 0.094000
2 0.391221 0.661000 0.030534 0.102000
