6 0.185000 0.072479 0.026000 0.035714
6 0.245000 0.150210 0.024000 0.039916
6 0.328500 0.706933 0.019000 0.056723
6 0.660000 0.718487 0.018000 0.037815
8 0.281000 0.073529 0.030000 0.067227
8 0.131500 0.446429 0.021000 0.073529
8 0.346000 0.226891 0.034000 0.042017
8 0.345500 0.271008 0.033000 0.033613
8 0.387500 0.210084 0.031000 0.042017
7 0.297500 0.151261 0.019000 0.054622
7 0.125500 0.695378 0.027000 0.037815
7 0.606500 0.927521 0.025000 0.039916
7 0.631500 0.929622 0.023000 0.048319
7 0.736500 0.927521 0.029000 0.035714
7 0.762000 0.929622 0.024000 0.031513
13 0.446500 0.717437 0.045000 0.035714
7 0.330000 0.486345 0.024000 0.027311
0 0.488000 0.198529 0.066000 0.077731
7 0.620000 0.139706 0.026000 0.035714
7 0.655000 0.139706 0.028000 0.027311
7 0.706500 0.221639 0.025000 0.031513
7 0.732000 0.222689 0.026000 0.033613
7 0.777500 0.134454 0.027000 0.037815
7 0.804000 0.136555 0.026000 0.042017
7 0.855000 0.222689 0.024000 0.029412
7 0.880000 0.224790 0.024000 0.033613
7 0.932000 0.137605 0.028000 0.027311
7 0.957500 0.138655 0.027000 0.029412
