4 0.307000 0.956679 0.050000 0.057762
2 0.059000 0.619134 0.022000 0.140794
2 0.184000 0.620939 0.024000 0.129964
2 0.362000 0.675090 0.076000 0.043321
2 0.512000 0.523466 0.076000 0.036101
2 0.668000 0.315884 0.020000 0.140794
2 0.666000 0.767148 0.020000 0.133574
2 0.362000 0.220217 0.076000 0.043321
2 0.868000 0.144404 0.072000 0.043321
12 0.835000 0.487365 0.098000 0.180505
12 0.329000 0.525271 0.102000 0.169675
7 0.121000 0.579422 0.050000 0.039711
7 0.153000 0.487365 0.022000 0.086643
7 0.364000 0.297834 0.024000 0.090253
7 0.645000 0.523466 0.038000 0.079422
7 0.908000 0.256318 0.024000 0.086643
7 0.436000 0.781588 0.048000 0.075812
