3 0.177500 0.254797 0.115000 0.095949
3 0.182500 0.712154 0.115000 0.093817
3 0.565000 0.640725 0.120000 0.091684
3 0.567500 0.323028 0.125000 0.095949
7 0.280000 0.206823 0.100000 0.025586
7 0.750000 0.617271 0.100000 0.031983
7 0.302500 0.829424 0.095000 0.029851
2 0.415000 0.094883 0.080000 0.070362
2 0.415000 0.234542 0.080000 0.068230
2 0.215000 0.528785 0.080000 0.068230
2 0.600000 0.413646 0.090000 0.068230
2 0.602500 0.546908 0.085000 0.066098
2 0.750000 0.547974 0.090000 0.068230
2 0.420000 0.713220 0.080000 0.070362
2 0.417500 0.847548 0.085000 0.066098
8 0.327500 0.643923 0.095000 0.046908
8 0.322500 0.326226 0.095000 0.042644
