4 0.175386 0.436000 0.033448 0.048000
2 0.205832 0.226000 0.017153 0.092000
2 0.205832 0.548000 0.017153 0.096000
2 0.236278 0.314000 0.024871 0.116000
2 0.236278 0.453000 0.019726 0.106000
2 0.314322 0.459000 0.038593 0.046000
2 0.314322 0.265000 0.038593 0.042000
2 0.408233 0.129000 0.039451 0.042000
2 0.485849 0.127000 0.038593 0.042000
2 0.409520 0.627000 0.038593 0.046000
2 0.478559 0.626000 0.037736 0.044000
2 0.514580 0.753000 0.029160 0.118000
2 0.629074 0.709000 0.031732 0.126000
2 0.648799 0.383000 0.019726 0.090000
2 0.764151 0.492000 0.041166 0.048000
2 0.663808 0.608000 0.041166 0.040000
12 0.315180 0.124000 0.102058 0.200000
12 0.315180 0.624000 0.102058 0.212000
12 0.532590 0.296000 0.104631 0.216000
7 0.627358 0.298000 0.023156 0.064000
7 0.766724 0.606000 0.027444 0.064000
4 0.647942 0.486000 0.036878 0.052000
12 0.759434 0.348000 0.102058 0.208000
4 0.629074 0.810000 0.035163 0.048000
4 0.515437 0.859000 0.032590 0.050000
