12 0.146000 0.351634 0.108000 0.083660
12 0.349000 0.309804 0.106000 0.075817
12 0.646000 0.352941 0.108000 0.078431
12 0.850000 0.311765 0.104000 0.077124
12 0.376000 0.700000 0.128000 0.077124
12 0.671000 0.693464 0.098000 0.061438
6 0.095000 0.207843 0.058000 0.015686
6 0.248000 0.252288 0.024000 0.036601
6 0.250000 0.305882 0.024000 0.036601
6 0.249000 0.357516 0.022000 0.030065
6 0.250000 0.462745 0.024000 0.041830
6 0.442000 0.435948 0.028000 0.037908
6 0.599000 0.207843 0.062000 0.018301
6 0.745000 0.252288 0.030000 0.036601
6 0.748000 0.304575 0.024000 0.033987
6 0.750000 0.358824 0.024000 0.032680
6 0.942000 0.439216 0.024000 0.039216
6 0.109000 0.041830 0.066000 0.018301
6 0.607000 0.042484 0.062000 0.016993
6 0.435000 0.081699 0.026000 0.040523
6 0.935000 0.084967 0.026000 0.044444
5 0.058000 0.435294 0.040000 0.026144
5 0.560000 0.437255 0.040000 0.030065
6 0.750000 0.465359 0.028000 0.033987
13 0.213000 0.041176 0.070000 0.014379
13 0.367000 0.042484 0.082000 0.014379
13 0.801000 0.082353 0.022000 0.049673
7 0.180000 0.205882 0.040000 0.027451
7 0.250000 0.409150 0.040000 0.020915
7 0.392000 0.206536 0.044000 0.023529
7 0.686000 0.206536 0.036000 0.028758
7 0.892000 0.206536 0.044000 0.026144
7 0.750000 0.410458 0.044000 0.020915
7 0.712000 0.044444 0.044000 0.026144
7 0.867000 0.046405 0.038000 0.027451
7 0.298000 0.081046 0.040000 0.026144
4 0.060000 0.495425 0.028000 0.018301
4 0.251000 0.497386 0.042000 0.016993
4 0.439000 0.498039 0.034000 0.018301
4 0.560000 0.498039 0.032000 0.018301
4 0.752000 0.500654 0.032000 0.015686
4 0.940000 0.499346 0.040000 0.018301
2 0.183000 0.718301 0.038000 0.011765
2 0.256000 0.650327 0.040000 0.009150
2 0.256000 0.718301 0.036000 0.009150
2 0.384000 0.650327 0.040000 0.009150
2 0.569000 0.650980 0.038000 0.010458
2 0.673000 0.650327 0.038000 0.011765
2 0.495000 0.700654 0.038000 0.010458
2 0.567000 0.701307 0.038000 0.009150
7 0.220000 0.756209 0.032000 0.014379
7 0.298000 0.754902 0.032000 0.014379
7 0.530000 0.736601 0.032000 0.011765
7 0.607000 0.737255 0.034000 0.013072
