2 0.035000 0.215789 0.018000 0.073684
2 0.145000 0.324561 0.018000 0.073684
2 0.304000 0.214035 0.020000 0.077193
2 0.431000 0.322807 0.022000 0.077193
2 0.637000 0.214035 0.022000 0.070175
2 0.748000 0.324561 0.020000 0.080702
3 0.137000 0.577193 0.030000 0.087719
3 0.423000 0.712281 0.030000 0.091228
3 0.740000 0.798246 0.028000 0.087719
7 0.245000 0.466667 0.026000 0.056140
7 0.593000 0.464912 0.026000 0.052632
8 0.146000 0.089474 0.040000 0.052632
8 0.431000 0.087719 0.042000 0.056140
8 0.749000 0.089474 0.042000 0.052632
7 0.034000 0.789474 0.032000 0.049123
14 0.955000 0.407018 0.038000 0.084211
