2 0.285308 0.196000 0.071754 0.040000
7 0.284169 0.343000 0.026196 0.078000
8 0.376424 0.286000 0.048975 0.060000
8 0.377563 0.647000 0.048975 0.062000
8 0.439066 0.646000 0.048975 0.060000
8 0.439636 0.285000 0.045558 0.058000
8 0.560364 0.646000 0.047836 0.064000
8 0.767084 0.717000 0.046697 0.070000
3 0.665148 0.558000 0.079727 0.148000
4 0.378132 0.858000 0.045558 0.048000
7 0.501139 0.446000 0.043280 0.068000
2 0.562642 0.462000 0.020501 0.132000
2 0.685649 0.286000 0.018223 0.132000
2 0.765945 0.503000 0.019362 0.134000
7 0.828588 0.537000 0.046697 0.054000
