7 0.195376 0.446467 0.017226 0.074946
6 0.342702 0.449679 0.032638 0.029979
6 0.330009 0.682013 0.038078 0.027837
6 0.378966 0.799786 0.012693 0.062099
6 0.498187 0.449679 0.029918 0.029979
7 0.413418 0.781585 0.027199 0.047109
12 0.491840 0.642398 0.086129 0.158458
4 0.415231 0.928266 0.032638 0.044968
4 0.048504 0.661670 0.035358 0.047109
4 0.724388 0.823340 0.030825 0.049251
4 0.963282 0.829764 0.035358 0.044968
12 0.722575 0.609208 0.083409 0.152034
7 0.498187 0.315846 0.015413 0.066381
7 0.760653 0.482869 0.018132 0.070664
6 0.611967 0.147752 0.036265 0.025696
