2 0.133498 0.360000 0.034611 0.172000
2 0.131644 0.758000 0.035847 0.168000
2 0.316440 0.291000 0.034611 0.170000
2 0.316440 0.822000 0.032138 0.172000
2 0.577874 0.825000 0.033375 0.178000
2 0.845488 0.679000 0.032138 0.174000
3 0.293572 0.550000 0.058096 0.168000
3 0.578492 0.452000 0.103832 0.112000
7 0.437577 0.801000 0.049444 0.058000
7 0.703337 0.803000 0.049444 0.054000
4 0.132880 0.948000 0.055624 0.056000
4 0.316440 0.948000 0.046972 0.044000
4 0.438195 0.949000 0.050680 0.046000
4 0.579728 0.949000 0.049444 0.042000
4 0.702719 0.947000 0.050680 0.046000
4 0.845488 0.949000 0.049444 0.046000
