6 0.178752 0.501205 0.030354 0.086747
6 0.300169 0.830120 0.030354 0.084337
6 0.618887 0.766265 0.026981 0.091566
6 0.635750 0.397590 0.023609 0.091566
11 0.822934 0.153012 0.074199 0.069880
6 0.352445 0.731325 0.060708 0.040964
12 0.414840 0.532530 0.107926 0.154217
7 0.618044 0.633735 0.042159 0.043373
7 0.298482 0.649398 0.040472 0.060241
7 0.279933 0.492771 0.040472 0.055422
7 0.565767 0.536145 0.038786 0.055422
7 0.467116 0.238554 0.037099 0.062651
7 0.526981 0.243373 0.045531 0.038554
4 0.467116 0.395181 0.040472 0.033735
4 0.526138 0.392771 0.043845 0.038554
4 0.618887 0.978313 0.040472 0.038554
4 0.634064 0.500000 0.037099 0.036145
8 0.634064 0.256627 0.033727 0.060241
8 0.698145 0.168675 0.047218 0.053012
