2 0.113226 0.291016 0.026052 0.113281
2 0.114228 0.617188 0.024048 0.109375
2 0.218437 0.660156 0.024048 0.101562
2 0.217435 0.167969 0.026052 0.109375
2 0.328657 0.169922 0.024048 0.113281
2 0.327655 0.515625 0.026052 0.109375
2 0.437876 0.312500 0.030060 0.109375
2 0.613226 0.523438 0.028056 0.109375
2 0.872745 0.523438 0.026052 0.109375
2 0.959920 0.519531 0.028056 0.117188
7 0.082164 0.484375 0.040080 0.085938
7 0.286573 0.658203 0.040080 0.058594
7 0.410822 0.505859 0.044088 0.089844
7 0.380762 0.236328 0.044088 0.082031
3 0.235471 0.328125 0.046092 0.125000
3 0.203407 0.482422 0.046092 0.121094
3 0.686373 0.384766 0.050100 0.144531
3 0.785571 0.365234 0.060120 0.089844
