6 0.175000 0.690529 0.053125 0.037445
6 0.325000 0.802863 0.018750 0.077093
6 0.325781 0.601322 0.023438 0.083700
6 0.325000 0.462555 0.025000 0.079295
6 0.465625 0.860132 0.018750 0.072687
6 0.464062 0.323789 0.021875 0.074890
6 0.467187 0.182819 0.021875 0.074890
6 0.600000 0.096916 0.053125 0.039648
3 0.738281 0.248899 0.039062 0.083700
3 0.738281 0.591410 0.039062 0.081498
3 0.458594 0.692731 0.032813 0.081498
7 0.321875 0.147577 0.043750 0.044053
7 0.550781 0.860132 0.039062 0.041850
7 0.851562 0.417401 0.031250 0.055066
11 0.331250 0.303965 0.037500 0.105727
8 0.464062 0.502203 0.034375 0.061674
4 0.325000 0.976872 0.040625 0.037445
7 0.260937 0.692731 0.028125 0.055066
6 0.901563 0.640969 0.025000 0.079295
