8 0.149007 0.324940 0.054305 0.103118
8 0.513907 0.549161 0.055629 0.086331
2 0.149669 0.717026 0.026490 0.105516
2 0.291391 0.742206 0.029139 0.107914
2 0.445033 0.758993 0.026490 0.103118
2 0.743709 0.714628 0.027815 0.110312
2 0.742384 0.258993 0.027815 0.110312
2 0.822517 0.179856 0.055629 0.057554
2 0.460265 0.318945 0.027815 0.091127
2 0.629139 0.435252 0.050331 0.050360
7 0.237086 0.515588 0.031788 0.081535
7 0.386755 0.767386 0.047682 0.062350
7 0.592715 0.654676 0.046358 0.062350
3 0.723179 0.435252 0.087417 0.213429
14 0.893377 0.461631 0.072848 0.069544
