7 0.205411 0.194056 0.038076 0.045455
7 0.292585 0.375874 0.028056 0.038462
7 0.357715 0.615385 0.034068 0.034965
7 0.863727 0.479021 0.036072 0.048951
4 0.090180 0.389860 0.024048 0.066434
4 0.206413 0.298951 0.036072 0.045455
4 0.538076 0.804196 0.038076 0.041958
4 0.865731 0.659091 0.040080 0.038462
6 0.317635 0.164336 0.018036 0.104895
6 0.592184 0.141608 0.018036 0.101399
6 0.632265 0.141608 0.014028 0.101399
6 0.920842 0.503497 0.018036 0.104895
6 0.413828 0.814685 0.014028 0.104895
6 0.440882 0.854895 0.016032 0.108392
6 0.482966 0.694056 0.020040 0.094406
6 0.535070 0.695804 0.020040 0.097902
13 0.757515 0.388112 0.068136 0.034965
8 0.701403 0.519231 0.032064 0.045455
8 0.645291 0.520979 0.036072 0.055944
8 0.316633 0.807692 0.040080 0.055944
8 0.261523 0.353147 0.038076 0.055944
