2 0.169000 0.358929 0.026000 0.139286
2 0.263000 0.292857 0.022000 0.142857
2 0.169000 0.737500 0.022000 0.139286
2 0.264000 0.757143 0.024000 0.135714
2 0.333000 0.701786 0.022000 0.132143
2 0.440000 0.671429 0.024000 0.142857
2 0.576000 0.628571 0.024000 0.128571
2 0.711000 0.685714 0.026000 0.128571
2 0.833000 0.566071 0.026000 0.146429
2 0.922000 0.564286 0.024000 0.150000
7 0.053000 0.732143 0.038000 0.057143
7 0.301000 0.591071 0.030000 0.082143
7 0.340000 0.401786 0.032000 0.075000
5 0.337000 0.832143 0.042000 0.114286
5 0.570000 0.757143 0.048000 0.114286
10 0.246000 0.485714 0.056000 0.142857
